179
117
165
120
199
148
106
181
122
182
149
113
126
150
166
147
139
174
144
115
197
146
110
118
123
143
194
124
179
175
109
180
184
164
123
106
101
185
138
173
122
121
129
130
171
192
108
119
134
158
149
129
114
115
147
123
169
129
142
128
112
175
149
189
139
151
111
182
125
158
191
169
170
168
153
102
134
135
170
163
146
121
117
182
188
153
160
166
142
154
117
120
192
195
184
137
123
131
162
144
114
150
101
116
156
194
168
149
101
128
181
160
173
131
160
146
181
166
119
146
114
144
154
166
153
158
189
100
131
156
132
196
169
142
132
165
172
129
194
149
121
118
145
189
133
103
169
180
163
198
167
147
171
185
167
107
125
167
136
124
149
194
122
136
105
191
160
131
101
126
188
158
148
193
111
117
154
181
179
154
171
176
122
166
198
188
124
194
183
151
115
166
177
175
177
149
167
164
111
127
153
134
